34312
23201
121608
0105678
606456788
5653456778
4542345667
3431234556
2320123445
12160123348
010560122378
606456011267888
56534560015677788
4542345660456667788
34312345563455566778
23201234452344455667
121601233412333445568
0105601223012223344578
60645601126011122334678888
56534560015600011223567777888
4542345660456660011245666677788888
3431234556345556600134555566677777888
232012344523444556602344445556666677788
12160123341233344556123333444555556667788
010560122301222334450122223334444455566778
60645601126011122334601111222333334445566788888
565345600156000112235600001112222233344556777778888
454234566045666001124566660001111122233445666667777888888888
343123455634555660013455556660000011122334555556666777777777888888
2320123445234445566023444455566666000112234444455556666666667777778888888
121601233412333445561233334445555566600112333334444555555555666666777777788888
010560122301222334450122223334444455566001222223333444444444555555666666677777888
6064560112601112233460111122233333444556601111122223333333334444445555555666667778888888
565345600156000112235600001112222233344556000001111222222222333333444444455555666777777788888
45423456604566600112456666000111112223344566666000011111111122222233333334444455566666667777788888888888888
343123455634555660013455556660000011122334555556666000000000111111222222233333444555555566666777777777777778888888888
2320123445234445566023444455566666000112234444455556666666660000001111111222223334444444555556666666666666677777777778888888888888888
121601233412333445561233334445555566600112333334444555555555666666000000011111222333333344444555555555555556666666666777777777777777788888888888
0105601223012223344501222233344444555660012222233334444444445555556666666000001112222222333334444444444444455555555556666666666666666777777777778888888888
6064560112601112233460111122233333444556601111122223333333334444445555555666660001111111222223333333333333344444444445555555555555555666666666667777777777888888888888
565345600156000112235600001112222233344556000001111222222222333333444444455555666000000011111222222222222223333333333444444444444444455555555555666666666677777777777788888888
454234566045666001124566660001111122233445666660000111111111222222333333344444555666666600000111111111111112222222222333333333333333344444444444555555555566666666666677777777888888888888888888888
343123455634555660013455556660000011122334555556666000000000111111222222233333444555555566666000000000000001111111111222222222222222233333333333444444444455555555555566666666777777777777777777777888888888888888
232012344523444556602344445556666600011223444445555666666666000000111111122222333444444455555666666666666660000000000111111111111111122222222222333333333344444444444455555555666666666666666666666777777777777777888888888888888888888888888888
121601233412333445561233334445555566600112333334444555555555666666000000011111222333333344444555555555555556666666666000000000000000011111111111222222222233333333333344444444555555555555555555555666666666666666777777777777777777777777777777888888888888888888888

